# Created by Octave 3.8.2, Wed Sep 23 04:35:09 2015 CEST <nikke@Terminus.local>
# name: Theta1
# type: matrix
# rows: 120
# columns: 28
 -0.03268134718437089 -0.02052384333460113 -0.06114520172852204 0.09005164809254529 -0.05518708001239978 -0.06776299415480745 0.1325534820393499 0.112579178954413 -0.004540073770498277 0.09762099119261328 -0.009178280396072065 0.008684563389525493 0.1006894898671745 0.06147901210094633 0.127222721808617 0.07885806540084501 0.03744150774857784 0.1149519449271117 -0.0349785349205468 0.0129279468176378 -0.04198317687930865 0.04139399329777327 -0.05522419157674269 0.08568393855134727 0.04444115671760378 0.03701941958222943 0.3407296415336188 -0.09219527388593531
 -0.1807294127743959 -0.02386664972067321 -0.08052829021869186 -0.1336395394823558 -0.03831191288414054 0.04609832922494773 -0.1640957102890334 -0.009597096406889542 0.03219147926616926 -0.05877734953172985 -0.0733460614001496 -0.0391923388121244 0.215666667896746 0.6458385348643969 0.2544512411365945 0.01213931884727804 -0.0333563439497261 -0.04785746880134847 0.218630765352446 -0.1372718385986507 0.01727639271999267 0.05119844080253568 -0.01872826642214093 -0.005071681881676292 0.0540955872175916 0.1281369037565031 0.00261379777380405 -0.004728230173952752
 0.05849242287268339 0.05435994908989176 0.01120880292147323 -0.05920561975763393 -0.07765772811468265 0.08645052332438176 0.08347102350524915 -0.1384568200831849 -0.2960290070693006 -0.1515307675714241 0.0309999023696546 0.03035559546506989 -0.09615021575857639 -0.3684488165721133 -0.1557435757637435 -0.03424183169479125 0.162982756356898 -0.1467220779577193 -0.05667072394746762 0.07014224161361703 0.1696432088558322 0.1526981308226436 0.002159500669635367 -0.01289307783225961 -0.005350568944894673 0.1789075123022388 -0.3256112782261184 -0.0657519031212568
 -0.06170318973709753 -0.05639321110723304 0.009309477162614002 -0.06727126115934719 -0.02657160030005576 -0.1065168324338871 -0.1538248089906282 -0.1421116833310845 0.00151910466791469 0.07334948816086291 0.05441054344647113 -0.1398048984532616 0.04749541653505574 0.1097882618324233 -0.01350519906540899 -0.09362670177655245 0.05379258268114252 -0.0248352448434652 0.1064743420946154 0.1147313719379307 0.02970212389188241 0.06234861944262671 -0.052152531237261 0.008728584252470814 0.07632393727135632 -0.0769126330664698 0.1534759215570239 0.06650815570950239
 0.06031097682090499 0.2306478325736087 0.2469023841754925 0.07261447271774062 -0.09921729708094444 0.06182908519675649 0.2344731799762919 -0.09702259362742119 -0.2425595911256873 -0.2296767305461539 0.1341001334998198 -0.04928259521152445 -0.2358603519466084 -0.4583345699653448 -0.3796169426994748 0.02454667175565306 0.1691154629146518 -0.07982480472220629 -0.2665188251425722 -0.1231034599062459 0.2203497705884918 0.1660615828536139 0.008226948363193031 -0.01768247835454763 0.0279540636055416 0.1318673575120639 -0.355477661545703 -0.08632612442887351
 0.2923128812818723 0.2897252953910542 0.1204221954475806 -0.08395233596042309 -0.08849852875385911 0.2065627943563721 0.3030460154901899 -0.0458143191903061 -0.3877132747395443 -0.2697426436522397 0.09926110091797075 -0.05781434286420652 -0.3138562962632927 -0.7844278353787457 -0.2375793292535315 -0.006181940528486442 0.05014193954841119 -0.2458364556531411 -0.4182293941412755 -0.117771860756825 0.2281601347074541 0.2010750399802072 0.1311759067745562 -0.1157634295302273 0.3050298769553938 0.2748064161325415 -0.6514789018230266 -0.1263898583194522
 0.2637030471619647 -0.000773311509199918 0.1005072603621772 0.2119862780920092 0.1998794898602821 0.0892841051114619 0.05305925980141453 0.165705990150752 -0.1696031694847536 0.002886390050622321 0.1629719585292573 0.2474705451468864 -0.1327525463438913 -0.8742472381528448 -0.1843602156474209 0.2230029254957991 0.01478708214648015 -0.01393716527183283 -0.2833697134849101 0.02507441667893754 0.06973396983222033 0.0001807094776146811 0.05982913271103585 0.1686800887044915 0.1281235652366848 0.06461335215736976 -0.046269322540036 -0.09335353345489404
 0.3273419046418813 -0.006628746121374511 0.07178241849036636 0.2189886238040068 0.09616410869290347 0.04734725847721738 0.1741937312890391 0.02166368513578159 -0.3584652111408552 0.002307920823480979 0.2883497958627684 0.3083495135497007 -0.3370311299221858 -1.348969960566825 -0.4372572359000474 0.1332987490173036 0.1501720747965142 -0.06552344052089913 -0.2768861823846216 0.08310066100419794 0.2785393688566565 0.2584119998983399 0.2279739012900813 0.08588004903493453 0.06275089739842039 0.004347049968127794 -0.04428397375212671 -0.006802496975026323
 -0.1333328968735795 0.1225609116337641 -0.08382177434427762 -0.1694598870431798 -0.01349592003922729 0.06257012933856701 -0.1740228799102097 -0.1131748866705087 0.1314212289371242 -0.142125135883115 -0.2092515306022642 -0.1568252223143471 0.1514754521633352 0.8962929370445922 0.1358601113350432 -0.2232427996620935 0.03672576727468942 0.1227260966934647 0.2140072623399469 -0.2507355212996155 -0.008682585489634045 -0.05888456402412928 -0.1955182490977664 -0.1617577524496023 0.04254707639309607 0.06510235836728417 -0.006760679469503106 -0.01537557309980761
 -0.1607314100380117 0.03689734059048237 0.01424742314462385 0.08879985420779554 -0.08603510818914377 0.01109529118306361 -0.07194131074526658 0.1043529826010556 0.1597665634931058 0.1461837969183538 -0.05636760812989284 -0.08468948625432943 0.03779381752567034 0.2597877238915867 0.1835175716830176 -0.08957877489635693 -0.08044861957674412 -0.003699133420285601 0.0971310253786157 -0.0331037115817609 -0.1820595060808748 -0.1760682489684314 0.05326193403126752 0.09244775201999214 -0.1770156654595657 -0.1228570199984285 0.3515972737292702 -0.09267049127796141
 0.1496872414145038 0.08770998032896683 0.1870834189616225 0.1604303858484042 0.02089923728388087 0.06057016608408627 0.04825844079710984 0.08407476711010772 -0.08239165425154554 -0.07682748376612718 0.04690339718482995 0.07207369883820573 -0.1002528120113131 -0.3440198865832726 -0.0876602787511133 -0.04122947555541168 -0.02317384792962262 0.006331273888016689 -0.1374940905680191 -0.02020518521996286 0.1076570614896033 0.03670421516600703 0.06031011137020699 -0.04562671264354309 0.05806744856642292 0.1553617246056083 -0.1106554614422783 -0.03534902698378378
 -0.1002435010045871 0.1188421282685564 0.05850598312831978 -0.04720388655916745 -0.1296950227953857 -0.04036989943447811 -0.09678907303021871 0.1117204062841084 0.1565263238443449 -0.100156562554742 -0.111079508695149 -0.0250991376413387 0.185166655171726 0.4768180658983868 0.06484260458105603 -0.0546640389349205 -0.02005010568135754 0.1865430519086059 0.08741111201708221 -0.2324946595278187 -0.1641687608494517 0.03808577026929258 0.02303615194300858 -0.1160774341063671 -0.1678080198189239 -0.008008716787842287 0.1230961000120002 -0.1100630863830182
 0.371312055609431 0.06366697459829064 0.03513206929966735 0.3960092195301009 0.1405618432135536 0.1292131894715836 0.04707774508946048 0.2546247506174699 -0.2573263465875072 -0.008660622941459471 0.2351469570252673 0.1984053714810138 -0.3427748876115643 -1.430060866456532 -0.4004458550441544 0.3039231681121629 0.2091163073444445 -0.2197676232964293 -0.271119904981395 0.2398309618692984 0.111746787864814 0.1364057630242015 0.09275494178126953 0.3642038810660452 0.2218506229229725 0.04356703610552182 -0.0532927455572756 -0.07428807287435879
 0.2361248899181775 0.1480982003590886 0.07148436252065477 0.07603081142378026 0.08900613771553909 0.2027954136335007 0.2276985935679472 0.001604725017360437 -0.3475056302525927 -0.1341559026516014 0.2064575888843427 0.1698346466320533 -0.4375174579663884 -0.9421654236783586 -0.2936578979976265 0.2089933472210206 0.02305824319277896 -0.2953597922450916 -0.3869078821839234 0.02454518459550055 0.120068623984732 0.07889059306897274 0.00710890111888153 0.1788240522808591 0.04384326740936444 0.1249394940499319 -0.6481593830514387 -0.113743162131892
